str_col <- c("#0099e5ff", "#ff6600ff", "#33004cff", "#0d660dff",
             "#99194cff", "#feb1b1ff", "#fef21dff")
